nan:26282.038304099395
wxt:11580.55383788352
wenmu:179.1939005321472
yujl:197.29919999999998
feip:208.32
zuol:185.23766952096
